vesselCount = 2
UT = 232081.56474500324
gameMode = CAREER
gameNull = False
gameCompatible = True
funds = 48634.698188535986
science = 47
reputationPercent = 28
ongoingContracts = 9
missionCurrentScore = 0
missionIsStarted = False
missionIsEnded = False
missionHistoryId = 00000000-0000-0000-0000-000000000000
missionExpansionVersion = 
saveMD5 = 67a1df98457bd9a309ab5da58bc2b031
