vesselCount = 10
UT = 554319.6737313678
gameMode = CAREER
gameNull = False
gameCompatible = True
funds = 191396.70640769391
science = 3
reputationPercent = 58
ongoingContracts = 9
missionCurrentScore = 0
missionIsStarted = False
missionIsEnded = False
missionHistoryId = 00000000-0000-0000-0000-000000000000
missionExpansionVersion = 
saveMD5 = 9d48bc85b97c5e952354e0c0912f873a
