vesselCount = 5
UT = 347731.21818042401
gameMode = CAREER
gameNull = False
gameCompatible = True
funds = 914630.33318432805
science = 68
reputationPercent = 49
ongoingContracts = 7
missionCurrentScore = 0
missionIsStarted = False
missionIsEnded = False
missionHistoryId = 00000000-0000-0000-0000-000000000000
missionExpansionVersion = 
saveMD5 = 971069de333cd3f7c772e52f3ae1091b
